-599.9858850098805     0.004763809165333699
-580.4013362190647     0.002978262915215968
-568.1565822903924     0.0029429754399172836
-551.0139267902512     0.0028935729744989924
-526.5244189329068     0.002822998023901402
-506.93281264703114     0.0027665380634234182
-489.7901571468899     0.002717135598005127
-475.09645243248326     0.0026747906276467504
-460.4027477180765     0.0026324456572881516
-453.05589536087314     0.0026112731721088522
-445.7090430036699     0.002590100686929553
-435.9061823656723     0.004290956996330086
-426.1033217276748     0.00599181330573062
-413.85151030394275     0.007685612120071461
-401.5996988802108     0.009379410934412302
-394.23873153288787     0.012816411028512054
-384.4358708948904     0.01451726733791281
-374.625952761833     0.017947209936952868
-367.2720429095699     0.019655123741413316
-359.9181330573068     0.021363037545873764
-352.557165709984     0.024800037639973516
-345.1961983626612     0.02823703773407371
-340.2841818010727     0.031681095323233155
-335.3721652394843     0.03512515291239304
-330.46720617295557     0.03684012421191296
-328.00414039710165     0.04029123929613254
-323.09212383551335     0.04373529688529221
-318.1801072739248     0.04717935447445187
-315.7240989931306     0.048901383269031706
-313.2610332172767     0.052352498353251065
-308.3490166556884     0.05579655594241073
-305.88595087983424     0.0592476710266302
-300.97393431824594     0.06269172861578998
-298.510868542392     0.06614284370000945
-293.5988519808035     0.069586901289169
-291.1428437000094     0.07130893008374906
-288.67272042909565     0.07648913145760783
-283.76776136256706     0.07820410275712808
-281.2976380916532     0.08338430413098719
-278.8416298108591     0.08510633292556691
-276.3856215300648     0.08682836172014685
-273.922555754211     0.09027947680436621
-271.45948997835706     0.09373059188858557
-268.996424202503     0.09718170697280526
-266.5404159217088     0.09890373576738487
-264.0773501458548     0.10235485085160434
-261.61428437000086     0.10580596593582392
-259.15121859414705     0.10925708102004339
-256.688152818293     0.11270819610426275
-254.225087042439     0.11615931118848222
-251.75496377152535     0.12133951256234121
-249.29189799567132     0.12479062764656068
-246.8217747247577     0.12997082902041968
-244.35870894890377     0.13342194410463903
-241.8885856779899     0.13860214547849825
-239.4255199021361     0.1420532605627176
-236.96245412628207     0.14550437564693697
-234.49938835042815     0.14895549073115655
-232.0292650795144     0.15413569210501554
-229.5732567987202     0.15585772089959538
-227.10313352780656     0.16103792227345448
-224.64006775195253     0.16448903735767384
-222.1770019760986     0.1679401524418932
-219.7139362002447     0.17139126752611267
-217.24381292933083     0.17657146889997177
-214.78074715347702     0.18002258398419124
-214.76663216335749     0.18348075656347052
-212.31062388256328     0.18520278535805024
-209.84755810670936     0.1886539004422697
-209.8263856215301     0.1938411593111885
-207.35626235061636     0.1990213606850475
-207.3350898654371     0.2042086195539664
-204.8790815846428     0.20593064834854613
-202.40895831372916     0.21111084972240524
-199.94589253787512     0.2145619648066247
-197.4757692669615     0.2197421661804837
-192.55669521031325     0.224915310059283
-190.0795144443399     0.23182459772278152
-187.60233367836634     0.23873388538628038
-182.6762021266586     0.2456361155547192
-177.74301307989083     0.2542674320127978
-177.72184059471158     0.25945469088171647
-172.79570904300363     0.2663569210501554
-172.7815940528842     0.26981509362943457
-167.85546250117613     0.2767173237978734
-167.82017502587735     0.28536275524607135
-165.35710925002354     0.28881387033029093
-162.8940434741695     0.2922649854145103
-160.42392020325588     0.2974451867883694
-157.95379693234224     0.3026253881622283
-153.02766538063418     0.3095276183306672
-152.9994354003952     0.31644396348922565
-150.52931212948147     0.32162416486308465
-148.06624635362755     0.3250752799473041
-143.15422979203902     0.3285193375364638
-140.6841065211254     0.3336995389103229
-138.1998682600921     0.34233791286346116
-130.81067093253023     0.35269125811611945
-125.88453938082239     0.3595934882845583
-123.42147360496847     0.36304460336877775
-118.49534205326052     0.3699468335372166
-113.57626799661227     0.3751199774160159
-111.10614472569864     0.380300178789875
-103.7310623882563     0.3871953514632541
-101.26093911734256     0.39237555283711323
-96.35598005081397     0.39409052413663326
-96.34186506069454     0.3975486967159123
-93.8787992848404     0.4009998118001319
-86.50371694739817     0.4078949844735109
-88.96678272325198     0.40444386938929155
-81.59170038580965     0.4113390420626707
-76.68674131928094     0.4130540133621907
-74.22367554342713     0.4165051284464102
-66.87682318622376     0.4164839559612309
-61.97892161475488     0.4164698409711114
-57.07396254822606     0.41818481227063165
-49.73416768608263     0.4164345534958126
-44.85038110473306     0.41296226592641394
-39.95953702832412     0.4112190646466549
-30.177848875505788     0.40773266208713665
-35.068692951914954     0.4094758633668958
-22.84511150842195     0.4042533170226782
-20.41027571280688     0.40078808694833923
-13.063423355603618     0.40076691446316004
-10.635645055048485     0.39557259809918144
-3.302907687964648     0.3920932530347231
1.5808788933846927     0.3886209654653243
4.015714688999765     0.38515573539098535
11.348452056083602     0.3816763903265268
18.68118942316744     0.37819704526206843
23.56497600451678     0.3747247576926698
30.897713371600616     0.3712454126282113
33.33254916721569     0.36778018255387235
38.21633574856503     0.3643078949844736
45.54201562058927     0.3590994636303756
50.43285969699821     0.35735626235061657
55.323703773407374     0.3556130610708572
60.21454784981654     0.3538698597910982
65.11244942128553     0.3538557448009787
70.0032934976947     0.3521125435212197
77.35014585489796     0.3520913710360405
87.14594899783572     0.3520631410558014
94.4928013550392     0.3520419685706222
101.83965371224247     0.3520207960854429
109.19356356450555     0.3537287098899031
114.10558012609397     0.3571727674790629
121.45948997835706     0.35888068128352324
128.8275148207398     0.36404676766726274
133.72541639220856     0.36403265267714324
141.08638373953147     0.3674696527712432
150.88924437752905     0.36917050908064375
158.2431542297919     0.3708784228851041
168.0318998776703     0.36912110661522546
180.2625388162229     0.3656276465606475
185.16044038769166     0.365613531570528
194.94212854051     0.36212712901100974
202.28192340265366     0.360376870236191
207.17276747906283     0.3586336689564318
216.94739813682156     0.353418180107274
229.17803707537416     0.34992472005269604
226.70791380446042     0.34474451867883704
231.58464289074993     0.33954314481979875
236.45431448197985     0.33261268467112093
241.3310435682696     0.3274113108120825
246.21483014961893     0.32393902324268387
246.19365766443968     0.31875176437376507
253.53345252658335     0.31700150559894613
258.41018161287286     0.31180013173990784
260.83090241836805     0.3048767290862897
265.707631504658     0.2996753552272514
270.58436059094754     0.2944739813682131
275.44697468711786     0.28581443492989556
270.5631881057683     0.2892867224992943
280.3237037734074     0.2806130610708574
282.7444245789028     0.27368965841723913
285.17926037451764     0.2702244283429003
287.5999811800133     0.26330102568928204
287.5646937047146     0.2546555942410841
294.8974310717982     0.2511762491766256
294.876258586619     0.24598899030770693
299.76004516796854     0.24251670273830828
299.73181518772947     0.23560035757974973
307.0716100498729     0.23385009880493102
307.05043756469365     0.2286628399360121
309.4852733603085     0.22519760986167314
314.36200244659847     0.21999623600263485
314.3267149712998     0.2113508045544369
316.7897807471535     0.21480191963865636
319.21755904770873     0.20960760327467776
319.2034440575893     0.2061494306953986
324.08017314387905     0.2009480568363602
326.5008939493745     0.19402465418274217
331.3846805307236     0.1905523666133434
333.8124588312786     0.18535805024936491
333.78422885103976     0.17844170509080648
338.67507292744915     0.17669850381104746
341.10285122800417     0.17150418744706886
343.53768702361924     0.16803895737273
345.96546532417426     0.1628446410087513
348.3932436247295     0.1576503246447728
350.8351369154044     0.15591418086007347
353.269972711019     0.1524489507857344
355.7118660016939     0.15071280700103518
355.68363602145484     0.14379646184247663
360.5674226028044     0.14032417427307808
362.99520090335966     0.13512985790909937
365.4300366989743     0.13166462783476052
367.86487249458935     0.12819939776042155
367.8437000094101     0.12301213889150275
372.72748659075944     0.1195398513221041
377.6112731721088     0.11606756375270544
380.039051472664     0.11087324738872684
382.4738872682789     0.10740801731438798
384.90872306389394     0.10394278724004902
387.343558859509     0.10047755716570994
392.22734544085836     0.09700526959631128
394.6551237414134     0.09181095323233268
401.99491860355704     0.09006069445751397
401.9808036134374     0.0866025218782348
404.41563940905246     0.08313729180389573
406.8434177096075     0.07794297543991724
411.72014679589745     0.07274160158087895
416.59687588218696     0.06754022772184054
421.48066246353653     0.06406794015244188
423.9084407640918     0.05887362378846339
431.248235626235     0.057123365013644456
433.6830714218503     0.05365813493930549
441.00875129387407     0.04844970358520739
443.4365295944291     0.043255387221229125
450.76926696151315     0.03977604215677055
455.6530535428625     0.03630375458737167
462.98579090994633     0.03282440952291332
472.76042156770484     0.027608920673755533
480.0931589347887     0.02412957560929696
489.87484708760724     0.020643173049778918
504.5473793168345     0.015413569210501521
519.2269690411216     0.011913051660863871
529.0015996988801     0.0066975628117060815
533.9065587654089     0.008412534111226
543.6953044132869     0.006655217841347483
551.0350992754305     0.004904959066528658
558.3819516326338     0.004883786581349359
563.2727957090432     0.0031405853015902263
575.5104921426556     0.0013762115366520167
585.2992377905335     -0.0003811047332265005
592.6460901477368     -0.0004022772184057999
597.5510492142656     0.0013126940811141186
604.890844076409     -0.0004375646937047062
612.2306389385529     -0.002187823468523531
622.0334995765503     -0.00048696715912277533
629.3803519337536     -0.0005081396443020747
639.1690975816317     -0.002265455914180814
656.3046955867129     -0.0040439446692386305
661.1955396631223     -0.005787145948997763
675.8963018725887     -0.004100404629716614
690.5970640820552     -0.0024136633104356875
697.9368589441989     -0.004163922085254512
707.7397195821965     -0.0024630657758539787
722.4263668015434     -0.004234497035852103
737.1200715159499     -0.0042768420062104795
744.4598663780936     -0.006027100781029304
