0     0.9976076555023924
4.700352526439502     0.992822966507177
5.875440658049357     0.9880382775119618
7.050528789659225     0.9832535885167465
8.225616921269093     0.9784688995215312
9.400705052878962     0.9736842105263158
10.57579318448883     0.9688995215311005
10.57579318448883     0.9641148325358853
11.750881316098699     0.9593301435406699
11.750881316098699     0.952153110047847
14.101057579318436     0.9473684210526316
14.101057579318436     0.9401913875598087
14.101057579318436     0.9354066985645934
15.276145710928304     0.930622009569378
16.451233842538173     0.9234449760765551
17.62632197414807     0.9186602870813397
17.62632197414807     0.9114832535885168
18.801410105757938     0.9066985645933014
18.801410105757938     0.8995215311004785
19.976498237367807     0.8923444976076556
21.151586368977675     0.8851674641148326
21.151586368977675     0.8803827751196173
21.151586368977675     0.8732057416267943
22.326674500587544     0.8660287081339713
22.326674500587544     0.861244019138756
23.501762632197412     0.8564593301435407
23.501762632197412     0.8516746411483254
24.67685076380728     0.8468899521531101
24.67685076380728     0.8421052631578948
24.67685076380728     0.8349282296650717
24.67685076380728     0.8301435406698565
25.85193889541715     0.8229665071770336
25.85193889541715     0.8181818181818182
25.85193889541715     0.8133971291866029
25.85193889541715     0.8086124401913877
27.027027027027017     0.8038277511961722
27.027027027027017     0.799043062200957
27.027027027027017     0.791866028708134
27.027027027027017     0.7846889952153111
28.202115158636886     0.777511961722488
28.202115158636886     0.7727272727272727
28.202115158636886     0.7655502392344498
29.377203290246754     0.7607655502392345
29.377203290246754     0.7559808612440192
30.552291421856623     0.7488038277511962
30.552291421856623     0.7440191387559809
31.72737955346652     0.7392344497607656
31.72737955346652     0.7344497607655502
31.72737955346652     0.729665071770335
32.90246768507639     0.7248803827751197
32.90246768507639     0.7200956937799043
32.90246768507639     0.715311004784689
34.07755581668626     0.7081339712918661
34.07755581668626     0.7033492822966507
35.252643948296125     0.6985645933014355
35.252643948296125     0.6961722488038278
35.252643948296125     0.6913875598086126
35.252643948296125     0.6866028708133971
35.252643948296125     0.6818181818181819
36.427732079905994     0.6770334928229665
36.427732079905994     0.6722488038277512
36.427732079905994     0.667464114832536
37.60282021151586     0.6626794258373206
37.60282021151586     0.6555023923444976
37.60282021151586     0.6507177033492824
38.77790834312573     0.645933014354067
38.77790834312573     0.6387559808612441
38.77790834312573     0.6339712918660287
39.9529964747356     0.6291866028708135
41.12808460634547     0.6244019138755982
41.12808460634547     0.6196172248803828
42.303172737955336     0.6124401913875598
42.303172737955336     0.6052631578947368
43.478260869565204     0.6004784688995215
43.478260869565204     0.5956937799043063
43.478260869565204     0.5885167464114833
44.65334900117507     0.5813397129186604
44.65334900117507     0.5741626794258374
45.82843713278497     0.5693779904306221
47.00352526439484     0.5622009569377991
47.00352526439484     0.5598086124401914
47.00352526439484     0.5550239234449762
48.17861339600471     0.5502392344497608
49.353701527614575     0.5430622009569378
49.353701527614575     0.5382775119617225
50.528789659224444     0.5334928229665072
50.528789659224444     0.5287081339712919
50.528789659224444     0.5239234449760766
51.70387779083431     0.5191387559808612
51.70387779083431     0.514354066985646
52.87896592244418     0.5071770334928231
52.87896592244418     0.5000000000000001
54.05405405405405     0.49521531100478466
55.22914218566392     0.49043062200956933
55.22914218566392     0.4832535885167464
56.404230317273786     0.47846889952153115
57.57931844888368     0.47607655502392343
58.75440658049355     0.4712918660287082
58.75440658049355     0.46650717703349287
59.92949471210342     0.46411483253588515
61.10458284371329     0.46172248803827753
61.10458284371329     0.4569377990430622
62.27967097532316     0.4569377990430622
64.6298472385429     0.44976076555023925
65.80493537015276     0.44736842105263164
68.15511163337253     0.4425837320574163
70.50528789659226     0.4401913875598087
72.855464159812     0.4425837320574163
75.20564042303177     0.44736842105263164
77.5558166862515     0.452153110047847
78.73090481786137     0.4569377990430622
81.08108108108111     0.46411483253588515
82.25616921269098     0.4712918660287082
84.60634547591071     0.47846889952153115
85.78143360752058     0.4832535885167464
86.95652173913045     0.49043062200956933
88.13160987074032     0.5023923444976077
90.48178613396009     0.5095693779904307
91.65687426556995     0.5167464114832536
92.83196239717982     0.5239234449760766
94.00705052878969     0.5311004784688995
95.18213866039956     0.5382775119617225
96.35722679200943     0.5454545454545454
97.5323149236193     0.5526315789473684
98.70740305522916     0.5598086124401914
99.88249118683903     0.5693779904306221
101.0575793184489     0.5789473684210527
102.23266745005877     0.5861244019138756
104.58284371327854     0.5909090909090909
104.58284371327854     0.5980861244019139
105.7579318448884     0.6028708133971292
108.10810810810814     0.6100478468899522
109.28319623971801     0.6172248803827752
110.45828437132788     0.6267942583732058
111.63337250293775     0.6339712918660287
112.80846063454761     0.6411483253588517
113.98354876615748     0.6483253588516746
115.15863689776735     0.65311004784689
117.50881316098709     0.6650717703349283
118.68390129259696     0.6722488038277512
119.85898942420683     0.6770334928229665
122.20916568742656     0.6818181818181819
122.20916568742656     0.6889952153110048
122.20916568742656     0.6937799043062202
124.5593419506463     0.7033492822966507
126.9095182138661     0.7105263157894737
129.25969447708582     0.715311004784689
131.60987074030555     0.7200956937799043
133.9600470035253     0.7248803827751197
136.31022326674503     0.7272727272727273
138.66039952996476     0.729665071770335
141.0105757931845     0.729665071770335
143.36075205640424     0.7248803827751197
145.71092831962397     0.7224880382775121
148.0611045828437     0.7200956937799043
150.41128084606345     0.7177033492822966
151.58636897767332     0.7129186602870814
152.76145710928319     0.7081339712918661
155.11163337250292     0.7033492822966507
156.28672150411285     0.7009569377990431
157.46180963572272     0.6961722488038278
158.63689776733258     0.6913875598086126
159.81198589894245     0.6889952153110048
160.98707403055232     0.6842105263157895
162.1621621621622     0.6794258373205742
163.33725029377206     0.6746411483253589
163.33725029377206     0.6698564593301436
164.51233842538193     0.6626794258373206
166.86251468860166     0.6578947368421053
168.03760282021153     0.65311004784689
169.2126909518214     0.6435406698564594
171.56286721504114     0.6387559808612441
172.737955346651     0.6339712918660287
173.91304347826087     0.6267942583732058
175.08813160987074     0.6244019138755982
176.2632197414806     0.6220095693779906
176.2632197414806     0.6172248803827752
177.43830787309048     0.6100478468899522
178.61339600470035     0.6076555023923444
179.78848413631022     0.6052631578947368
180.96357226792009     0.5980861244019139
182.13866039952995     0.5885167464114833
183.31374853113982     0.583732057416268
183.31374853113982     0.5813397129186604
184.48883666274975     0.5741626794258374
185.66392479435962     0.5717703349282297
186.83901292596948     0.5669856459330144
189.18918918918922     0.5598086124401914
189.18918918918922     0.5574162679425838
190.3642773207991     0.5526315789473684
191.53936545240896     0.5454545454545454
192.71445358401883     0.5406698564593302
195.06462984723856     0.5382775119617225
196.23971797884843     0.5311004784688995
197.4148061104583     0.5287081339712919
198.58989424206817     0.5239234449760766
199.76498237367804     0.5191387559808612
200.9400705052879     0.5167464114832536
203.29024676850764     0.5095693779904307
205.64042303172738     0.5023923444976077
206.81551116333725     0.4976076555023924
210.34077555816685     0.49043062200956933
213.86603995299652     0.4880382775119617
217.39130434782612     0.4856459330143541
219.74148061104586     0.4856459330143541
220.91656874265573     0.4880382775119617
223.26674500587546     0.4880382775119617
226.79200940070507     0.49282296650717705
227.96709753231494     0.49282296650717705
230.31727379553467     0.4976076555023924
232.6674500587544     0.5000000000000001
232.6674500587544     0.5047846889952153
233.84253819036428     0.5071770334928231
236.19271445358402     0.5071770334928231
238.5428907168038     0.5119617224880383
239.71797884841368     0.5167464114832536
242.06815511163342     0.521531100478469
243.24324324324328     0.5239234449760766
244.41833137485315     0.5263157894736843
245.59341950646302     0.5287081339712919
246.7685076380729     0.5358851674641149
247.94359576968276     0.5358851674641149
249.11868390129263     0.5406698564593302
250.2937720329025     0.5430622009569378
251.46886016451236     0.5478468899521531
252.64394829612223     0.5502392344497608
253.8190364277321     0.5550239234449762
254.99412455934203     0.5598086124401914
257.34430082256176     0.5645933014354068
259.6944770857815     0.5693779904306221
263.2197414806111     0.5741626794258374
264.394829612221     0.576555023923445
266.7450058754407     0.5813397129186604
269.09518213866045     0.5909090909090909
270.2702702702703     0.5933014354066986
272.6204465334901     0.5980861244019139
273.7955346651     0.5980861244019139
274.97062279670985     0.6004784688995215
276.1457109283197     0.6004784688995215
278.49588719153945     0.6028708133971292
279.6709753231493     0.6028708133971292
282.02115158636906     0.6028708133971292
283.1962397179789     0.6028708133971292
286.72150411280853     0.6028708133971292
287.8965922444184     0.6028708133971292
290.24676850763814     0.6028708133971292
291.421856639248     0.6004784688995215
293.77203290246774     0.5980861244019139
298.4723854289072     0.5933014354066986
299.6474735605171     0.5933014354066986
304.3478260869566     0.5861244019138756
306.69800235017635     0.583732057416268
307.8730904817862     0.5789473684210527
310.22326674500596     0.5741626794258374
311.3983548766158     0.5717703349282297
314.92361927144543     0.5645933014354068
318.44888366627504     0.5598086124401914
320.7990599294948     0.5574162679425838
320.7990599294948     0.5502392344497608
324.3243243243244     0.5454545454545454
326.6745005875441     0.5430622009569378
327.849588719154     0.5382775119617225
330.1997649823737     0.5287081339712919
332.5499412455935     0.5263157894736843
334.90011750881325     0.5239234449760766
337.250293772033     0.5167464114832536
339.6004700352527     0.5119617224880383
341.95064629847246     0.5071770334928231
344.3008225616922     0.5023923444976077
347.8260869565218     0.5023923444976077
349.0011750881317     0.5000000000000001
351.3513513513514     0.4976076555023924
358.4018801410106     0.49521531100478466
359.5769682726205     0.49521531100478466
360.7520564042304     0.49521531100478466
363.1022326674501     0.49282296650717705
367.80258519388957     0.49043062200956933
371.3278495887192     0.49043062200956933
374.8531139835489     0.49521531100478466
376.02820211515876     0.49521531100478466
381.9036427732081     0.5023923444976077
383.078730904818     0.5047846889952153
386.6039952996476     0.5095693779904307
387.77908343125745     0.5095693779904307
394.8296122209166     0.5119617224880383
396.00470035252647     0.514354066985646
397.17978848413634     0.5167464114832536
399.5299647473561     0.521531100478469
401.8801410105758     0.521531100478469
404.23031727379555     0.5239234449760766
406.5804935370153     0.5239234449760766
407.75558166862515     0.5263157894736843
408.930669800235     0.5263157894736843
411.28084606345476     0.5287081339712919
411.28084606345476     0.5311004784688995
414.80611045828437     0.5311004784688995
415.98119858989423     0.5334928229665072
417.1562867215041     0.5334928229665072
419.50646298472384     0.5334928229665072
421.8566392479436     0.5334928229665072
424.2068155111633     0.5334928229665072
426.55699177438305     0.5334928229665072
428.9071680376028     0.5311004784688995
431.2573443008225     0.5311004784688995
432.4324324324324     0.5311004784688995
437.132784958872     0.5287081339712919
439.4829612220917     0.5287081339712919
441.83313748531145     0.5263157894736843
445.35840188014106     0.5239234449760766
450.05875440658053     0.5239234449760766
451.2338425381904     0.521531100478469
454.75910693302     0.5191387559808612
457.10928319623974     0.5191387559808612
459.4594594594595     0.5167464114832536
460.63454759106935     0.514354066985646
465.3349001175088     0.5119617224880383
468.86016451233843     0.5095693779904307
470.0352526439483     0.5071770334928231
472.38542890716803     0.5047846889952153
475.91069330199764     0.5000000000000001
477.0857814336075     0.5000000000000001
479.43595769682724     0.49521531100478466
482.96122209165685     0.49282296650717705
485.3113983548766     0.49043062200956933
487.6615746180963     0.4880382775119617
488.8366627497062     0.4880382775119617
491.18683901292604     0.4880382775119617
495.8871915393655     0.4856459330143541
499.4124559341951     0.4832535885167464
502.9377203290247     0.48086124401913877
506.46298472385433     0.47846889952153115
507.6380728554642     0.47846889952153115
512.3384253819037     0.48086124401913877
514.6886016451234     0.48086124401913877
515.8636897767333     0.48086124401913877
520.5640423031728     0.48086124401913877
522.9142185663925     0.47846889952153115
527.614571092832     0.47607655502392343
528.7896592244418     0.47607655502392343
529.9647473560517     0.47846889952153115
535.840188014101     0.48086124401913877
540.5405405405405     0.4832535885167464
545.24089306698     0.4856459330143541
547.5910693301997     0.4880382775119617
552.2914218566393     0.4880382775119617
554.641598119859     0.4880382775119617
555.8166862514689     0.49043062200956933
558.1668625146887     0.49282296650717705
560.5170387779084     0.49282296650717705
562.8672150411281     0.49282296650717705
565.2173913043479     0.49282296650717705
568.7426556991775     0.49282296650717705
571.0928319623972     0.49521531100478466
575.7931844888367     0.49521531100478466
578.1433607520564     0.49521531100478466
580.4935370152762     0.4976076555023924
582.8437132784959     0.4976076555023924
587.5440658049354     0.49521531100478466
587.5440658049354     0.49521531100478466
588.7191539365452     0.49521531100478466
591.069330199765     0.49521531100478466
593.4195064629847     0.49282296650717705
595.7696827262045     0.49043062200956933
602.8202115158638     0.4856459330143541
605.1703877790835     0.4832535885167464
608.6956521739131     0.4832535885167464
614.5710928319625     0.4832535885167464
618.0963572267921     0.47846889952153115
626.3219741480611     0.4736842105263158
627.497062279671     0.4712918660287082
631.0223266745007     0.4712918660287082
635.7226792009402     0.4688995215311005
642.7732079905994     0.46650717703349287
643.9482961222093     0.46650717703349287
646.298472385429     0.46411483253588515
649.8237367802586     0.46411483253588515
650.9988249118685     0.46411483253588515
655.699177438308     0.46411483253588515
659.2244418331376     0.46411483253588515
661.5746180963573     0.46411483253588515
666.2749706227969     0.46172248803827753
667.4500587544068     0.46172248803827753
670.9753231492364     0.46172248803827753
675.6756756756758     0.46411483253588515
676.8507638072857     0.46411483253588515
680.3760282021153     0.46411483253588515
685.0763807285548     0.46411483253588515
688.6016451233844     0.46411483253588515
692.126909518214     0.46650717703349287
694.4770857814337     0.46650717703349287
696.8272620446535     0.4688995215311005
700.3525264394831     0.4688995215311005
702.7027027027028     0.4712918660287082
705.0528789659226     0.4736842105263158
708.5781433607522     0.4736842105263158
710.9283196239719     0.4736842105263158
713.2784958871916     0.47607655502392343
715.6286721504114     0.47607655502392343
717.9788484136311     0.47607655502392343
720.3290246768508     0.47607655502392343
722.6792009400706     0.47607655502392343
727.3795534665102     0.47607655502392343
730.9048178613398     0.47607655502392343
733.2549941245595     0.4736842105263158
736.7802585193891     0.4736842105263158
740.3055229142187     0.4712918660287082
742.6556991774385     0.4712918660287082
749.7062279670977     0.4688995215311005
752.0564042303174     0.4688995215311005
754.4065804935371     0.4688995215311005
760.2820211515865     0.46650717703349287
763.8072855464161     0.46172248803827753
767.3325499412457     0.4593301435406699
770.8578143360753     0.4569377990430622
775.5581668625148     0.4545454545454546
779.0834312573444     0.452153110047847
782.608695652174     0.452153110047847
789.6592244418333     0.452153110047847
793.1844888366629     0.452153110047847
797.8848413631024     0.452153110047847
802.5851938895419     0.452153110047847
804.9353701527616     0.452153110047847
808.4606345475912     0.452153110047847
813.1609870740307     0.452153110047847
817.8613396004702     0.452153110047847
820.2115158636899     0.4545454545454546
822.5616921269096     0.4545454545454546
827.2620446533491     0.452153110047847
834.3125734430083     0.4545454545454546
840.1880141010577     0.4593301435406699
844.8883666274972     0.46172248803827753
848.4136310223267     0.46411483253588515
851.9388954171565     0.46411483253588515
857.8143360752057     0.46172248803827753
862.5146886016452     0.4593301435406699
863.6897767332551     0.4593301435406699
869.5652173913044     0.4593301435406699
871.9153936545243     0.4593301435406699
877.7908343125736     0.4569377990430622
882.491186839013     0.452153110047847
887.1915393654525     0.44976076555023925
890.7168037602822     0.44736842105263164
896.5922444183315     0.444976076555024
898.9424206815512     0.444976076555024
900.1175088131612     0.444976076555024
909.51821386604     0.4425837320574163
910.6933019976498     0.4425837320574163
915.3936545240892     0.4401913875598087
918.918918918919     0.4377990430622011
925.9694477085782     0.4377990430622011
929.4947121034079     0.4377990430622011
937.7203290246769     0.4401913875598087
941.2455934195066     0.4401913875598087
943.5957696827263     0.4401913875598087
947.1210340775558     0.4401913875598087
949.4712103407755     0.4401913875598087
950.6462984723855     0.4425837320574163
954.171562867215     0.44736842105263164
957.6968272620447     0.444976076555024
962.3971797884842     0.44976076555023925
965.9224441833137     0.44976076555023925
967.0975323149237     0.44976076555023925
970.6227967097532     0.44976076555023925
972.9729729729729     0.452153110047847
977.6733254994124     0.452153110047847
980.0235017626321     0.452153110047847
983.5487661574618     0.452153110047847
985.8989424206816     0.452153110047847
988.2491186839013     0.452153110047847
990.599294947121     0.452153110047847
990.599294947121     0.4545454545454546
994.1245593419508     0.452153110047847
997.6498237367803     0.452153110047847
1000     0.452153110047847