-599.9963621922642     0.0016248874553232984
-594.1140270834785     0.0016157929359836842
-588.2316919746929     0.0016066984166442921
-582.3493568659073     0.001597603897304678
-578.4278001267169     0.001591540884411824
-574.5062433875264     0.0015854778715187479
-570.5846866483361     0.0015794148586256718
-566.6631299091457     0.0015733518457328177
-562.7415731699552     0.0015672888328397416
-558.8163786230291     0.0034165077652037468
-554.8984596915745     0.0015551628070538115
-550.9732651446483     0.0034043817394178166
-549.012486775053     0.0034013502329712786
-547.0517084054579     0.0033983187265249626
-545.0909300358627     0.0033952872200784245
-543.1301516662675     0.0033922557136318865
-541.1657354889364     0.005244506152442208
-537.2478165574819     0.0033831611942922724
-533.3262598182914     0.0033770981813994183
-529.4047030791011     0.003371035168506342
-527.44028690177     0.005223285607316663
-525.4795085321748     0.005220254100870347
-521.5579517929845     0.005214191087977271
-519.5971734233892     0.005211159581530733
-515.6756166841988     0.005205096568637657
-509.79328157541323     0.005196002049298265
-505.868087028487     0.00704522098166227
-501.9465302892966     0.007039157968769416
-499.9857519197014     0.007036126462322878
-496.064195180511     0.007030063449429802
-492.13900063358477     0.00887928238179403
-490.1782222639896     0.008876250875347491
-488.21744389439436     0.008873219368900953
-484.29224934746816     0.010722438301264958
-480.37069260827775     0.010716375288372104
-476.4454980613516     0.01256559422073611
-472.5239413221612     0.012559531207843144
-468.598746775235     0.01440875014020715
-464.6771900360446     0.014402687127314184
-460.75199548911837     0.01625190605967819
-456.82680094219216     0.018101124992042306
-454.866022572597     0.018098093485595768
-450.9444658334066     0.018092030472702803
-447.0192712864804     0.019941249405066808
-445.05485510914934     0.021793499843877462
-441.12966056222314     0.023642718776241578
-437.20446601529693     0.025491937708605583
-433.2792714683707     0.0273411566409697
-429.3540769214445     0.029190375573333815
-425.4288823745183     0.03103959450569782
-421.5036878275921     0.032888813438061826
-417.5748554729301     0.03659331431568302
-411.6852447486729     0.04029478368685768
-407.7564123940109     0.04399928456447866
-403.8275800393489     0.047703785442099855
-399.9023854924227     0.04955300437446386
-395.9735531377607     0.05325750525208506
-392.0410829753629     0.058817288074963114
-388.1122506207009     0.06252178895258431
-386.14783444336985     0.06437403939139485
-382.22263989644364     0.06622325832375886
-382.21536428097204     0.06993382221427302
-380.25094810364106     0.07178607265308357
-378.28653192631003     0.07363832309189422
-376.31847794124326     0.07734585547596173
-374.3540617639122     0.07919810591477239
-372.38600777884545     0.0829056382988399
-370.4179537937786     0.08661317068290753
-366.4891214391166     0.09031767156052872
-364.5210674540499     0.09402520394459624
-364.5137918385783     0.0977357678351104
-362.54937566124727     0.09958801827392094
-360.5813216761805     0.10329555065798857
-358.61690549884946     0.10514780109679911
-356.6488515137827     0.10885533348086673
-354.6807975287159     0.11256286586493436
-354.6735219132443     0.11627342975544841
-350.7483273663181     0.11812264868781253
-348.7802733812513     0.12183018107188015
-348.7766355735155     0.12368546301713723
-346.8049437807129     0.12924827734646183
-344.8368897956461     0.13295580973052945
-342.8688358105793     0.13666334211459708
-340.90078182551247     0.1403708744986648
-340.89350621004087     0.14408143838917886
-338.9254522249741     0.1477889707732465
-336.95739823990726     0.151496503157314
-336.94648481669986     0.15706234899308524
-334.9784308316331     0.16076988137715287
-333.01037684656626     0.1644774137612205
-329.08154449190425     0.16818191463884158
-329.0706310686969     0.17374776047461282
-327.10257708363014     0.17745529285868034
-327.09530146815854     0.1811658567491945
-325.12724748309176     0.184873389133262
-323.15919349802493     0.18858092151732975
-321.1875017052223     0.19414373584665434
-319.2158099124197     0.19970655017597894
-317.24411811961716     0.20526936450530375
-317.23320469640976     0.21083521034107489
-315.261512903607     0.21639802467039948
-313.2934589185403     0.22010555705446722
-311.31812931800187     0.2275236533290489
-311.30721589479447     0.23308949916482002
-309.33552410199184     0.23865231349414473
-307.3638323091892     0.24421512782346944
-305.3921405163867     0.24977794215279403
-303.42044872358406     0.25534075648211874
-303.40953530037666     0.26090660231788987
-301.44148131530983     0.2646141347019576
-299.4661517147714     0.2720322309765393
-299.455238291564     0.2775980768123104
-297.4908221142331     0.27945032725112096
-297.4835464987615     0.283160891141635
-295.51185470595885     0.2887237054709598
-295.50094128275157     0.29428955130673096
-293.52924948994894     0.29985236563605555
-291.5575576971463     0.30541517996538026
-289.5858659043439     0.31097799429470496
-289.5749524811365     0.3165438401304761
-287.6068984960697     0.3202513725145437
-287.5996228805981     0.32396193640505777
-285.62793108779545     0.3295247507343826
-283.6562392949928     0.3350875650637072
-283.6489636795212     0.33879812895422134
-283.634412448578     0.34621925673524956
-281.6663584635113     0.34992678911931707
-279.69466667070867     0.3554896034486419
-277.72297487790604     0.3610524177779665
-277.71206145469864     0.3666182636137376
-275.740369661896     0.3721810779430623
-275.7330940464244     0.3758916418335764
-275.722180623217     0.3814574876693476
-273.7541266381503     0.38516502005341524
-271.78243484534767     0.39072783438273984
-271.77515922987607     0.394438398273254
-271.76424580666867     0.40000424410902513
-269.79619182160184     0.40371177649309276
-267.8245000287992     0.40927459082241746
-265.8528082359967     0.41483740515174217
-265.8455326205251     0.4185479690422562
-265.8309813895819     0.42596909682328443
-263.86292740451506     0.42967662920735206
-261.89123561171243     0.43523944353667676
-261.88395999624083     0.4389500074271909
-259.9122682034382     0.4445128217565155
-259.9049925879666     0.4482233856470297
-257.9296629874284     0.45564148192161147
-257.9223873719568     0.4593520458121255
-255.95069557915417     0.4649148601414502
-255.93978215594677     0.47048070597722136
-255.92886873273937     0.4760465518129925
-253.96081474767254     0.4797540841970601
-251.9854851471341     0.4871721804716419
-251.97457172392672     0.4927380263074129
-251.96365830071932     0.49830387214318417
-249.9956043156526     0.5020114045272517
-248.02755033058577     0.5057189369113193
-248.02027471511417     0.5094295008018334
-248.00936129190677     0.5149953466376046
-246.03766949910414     0.5205581609669293
-246.03039388363254     0.5242687248574434
-244.0623398985657     0.527976257241511
-244.0514264753583     0.5335421030772822
-244.0441508598867     0.5372526669677964
-242.07609687482     0.540960199351864
-242.0651834516126     0.546526045187635
-240.09349165880997     0.5520888595169597
-240.08621604333837     0.5557994234074739
-238.11816205827154     0.5595069557915415
-238.10724863506414     0.5650728016273127
-236.1391946499973     0.5687803340113803
-236.1282812267899     0.5743461798471514
-236.1210056113183     0.5780567437376656
-234.1529516262516     0.5817642761217332
-234.14567601078     0.5854748400122474
-234.1420382030442     0.5873301219575044
-234.1347625875726     0.5910406858480185
-232.16670860250576     0.594748218232086
-232.15579517929837     0.6003140640678573
-230.18774119423153     0.6040215964519249
-230.18046557875994     0.607732160342439
-228.20877378595742     0.6132949746717636
-228.20149817048582     0.6170055385622778
-228.19422255501422     0.6207161024527919
-226.2261685699475     0.6244236348368595
-226.2152551467401     0.6299894806726306
-226.2079795312685     0.6337000445631448
-224.23992554620168     0.6374075769472124
-222.26823375339904     0.642970391276537
-220.29654196059641     0.6485332056058617
-220.28199072965322     0.65595433338689
-218.3139367445865     0.6596618657709575
-218.2993855136433     0.6670829935519857
-218.2884720904359     0.672648839387757
-216.32405591310487     0.6745010898265675
-216.31678029763327     0.6782116537170817
-216.30586687442587     0.6837774995528527
-214.33781288935904     0.6874850319369205
-214.32689946615164     0.6930508777726916
-212.3588454810848     0.6967584101567592
-212.35156986561321     0.7004689740472733
-212.34065644240582     0.7060348198830444
-210.3726024573391     0.709742352267112
-210.3653268418675     0.7134529161576262
-210.3544134186601     0.7190187619933974
-208.38272162585747     0.7245815763227221
-206.41466764079064     0.7282891087067898
-206.40375421758324     0.7338549545425608
-204.4357002325164     0.7375624869266284
-204.4284246170448     0.7412730508171426
-204.4138733861016     0.7486941785981708
-202.4458194010349     0.7524017109822383
-204.4211490015732     0.7449836147076567
-202.4385437855633     0.7561122748727525
-200.47048980049647     0.7598198072568201
-200.45957637728907     0.7653856530925913
-198.48788458448655     0.7709484674219159
-198.47697116127915     0.776514313257687
-196.50891717621232     0.7802218456417547
-196.50164156074072     0.7839324095322688
-194.5299497679382     0.7894952238615935
-194.5226741524666     0.7932057877521076
-192.55098235966398     0.7987686020814323
-190.57929056686135     0.804331416410757
-190.56837714365395     0.8098972622465281
-190.56110152818235     0.8136078261370423
-188.59304754311552     0.8173153585211099
-186.6249935580488     0.8210228909051775
-186.6104423271056     0.8284440186862057
-186.5995289038982     0.8340098645219769
-184.62783711109557     0.8395726788513016
-182.65614531829294     0.8451354931806262
-180.6880913332261     0.8488430255646938
-180.6735401022829     0.856264153345722
-180.66626448681131     0.8599747172362362
-178.6945726940088     0.8655375315655609
-176.72288090120617     0.8711003458948855
-176.71196747799877     0.8766661917306566
-174.74391349293194     0.8803737241147243
-172.7758595078651     0.8840812564987919
-170.8041677150626     0.8896440708281166
-168.82883811452416     0.8970621671026983
-166.85714632172153     0.902624981432023
-166.84987070624993     0.9063355453225371
-166.84259509077833     0.9100461092130512
-164.8672654902399     0.917464205487633
-160.93479532784215     0.9230239883105111
-160.92024409689907     0.9304451160915393
-158.94855230409644     0.9360079304208639
-156.9804983190296     0.9397154628049316
-155.0124443339629     0.9434229951889992
-153.04075254116026     0.9489858095183239
-151.06906074835763     0.9545486238476486
-149.1010067632908     0.9582561562317162
-147.12931497048828     0.9638189705610408
-143.19684480809042     0.969378753383919
-141.2287908230236     0.9730862857679866
-139.26073683795687     0.9767938181520542
-137.28904504515424     0.9823566324813789
-135.3209910600874     0.9860641648654466
-133.35293707502058     0.9897716972495141
-129.42046691262283     0.9953314800723924
-127.4560507352918     0.9971837305112029
-123.52721838062985     1.0008882313888239
-119.60202383370358     1.002737450321188
-115.68410490224903     1.000876105363038
-111.76254816305857     1.000870042350145
-109.80540760119925     0.9990117288984415
-105.88748866974458     0.9971503839402914
-101.96956973829003     0.9952890389821414
-98.05528861457117     0.9915724120787343
-96.10178586044754     0.9878588166817737
-90.22672636713355     0.98413915827192
-88.27322361300992     0.9804255628749594
-86.3197208588864     0.9767119674779988
-84.36621810476277     0.9729983720810381
-82.41271535063913     0.9692847766840775
-78.49843422692038     0.9655681497806704
-78.50570984239198     0.9618575858901564
-74.59142871867311     0.9581409589867492
-72.63792596454948     0.9544273635897886
-70.68806101816176     0.948858486247571
-68.73819607177393     0.9432896089053533
-66.7846933176503     0.9395760135083927
-64.83119056352666     0.9358624181114321
-62.87405000166734     0.9340041046597285
-60.924185055279395     0.9284352273175108
-58.96704449341996     0.9265769138658073
-58.97795791662736     0.9210110680300361
-55.06367679290861     0.9172944411266291
-55.07459021611601     0.9117285952908578
-51.16030909239714     0.9080119683874507
-51.16758470786874     0.9043014044969366
-49.21771976148091     0.898732527154719
-47.26421700735739     0.8950189317577584
-45.314352060969554     0.8894500544155407
-41.40007093725069     0.8857334275121336
-39.45020599086297     0.8801645501699159
-37.500341044475135     0.8745956728276982
-35.5504760980873     0.8690267954854806
-31.63983278210435     0.8634548866368164
-29.689967835716516     0.8578860092945988
-27.736465081592883     0.8541724138976381
-23.82218395787413     0.8504557869942311
-21.868681203750498     0.8467421915972704
-19.918816257362664     0.8411733142550527
-16.008172941379712     0.8356014054063886
-16.01908636458711     0.8300355595706174
-12.104805240868245     0.8263189326672102
-8.194161924885293     0.8207470238185461
-6.24065917076166     0.8170334284215856
-2.322740239306995     0.8151720834634355
1.5915408844117565     0.8114554565600283
5.505822008130622     0.8077388296566212
9.420103131849373     0.8040222027532141
11.377243693708806     0.8021638893015106
17.25594099475859     0.800299512836914
21.181135541684853     0.8021487317692781
25.102692280875203     0.8021426687563851
30.985027389660786     0.8021335742370456
34.91385974432285     0.8058380751146668
38.8426920989848     0.8095425759922878
42.76788664591106     0.8113917949246519
46.69671900057301     0.8150962958022729
48.66113517790404     0.8169485462410836
52.58996753256611     0.8206530471187047
54.554383709897024     0.8225052975575152
56.518799887228056     0.8243575479963258
60.44763224189012     0.8280620488739469
64.37646459655207     0.831766549751568
66.3481563893547     0.8373293640808928
72.24140492134768     0.8428861153973244
74.20945890641451     0.846593647781392
80.0954318229359     0.8484398352073095
80.10270743840749     0.8521503990978236
82.07439923121012     0.8577132134271483
86.00686939360787     0.8632729962500265
87.9712855709389     0.8651252466888371
91.90011792560097     0.8688297475664581
93.86817191066768     0.8725372799505258
95.83258808799872     0.8743895303893363
101.7221988122559     0.878090999760511
103.68661498958693     0.8799432501993215
105.65103116691796     0.8817955006381321
109.57986352157991     0.8855000015157531
113.50505806850617     0.8873492204481173
117.43025261543232     0.8891984393804813
119.39466879276335     0.8910506898192918
127.24142007887997     0.892893845738763
133.12375518766555     0.8928847512194235
137.04531192685602     0.8928786882065304
142.92037142017     0.8891590297966768
146.83101473615295     0.8835871209480126
152.70243642173125     0.878012180592902
156.61671754545     0.8742955536894949
158.56658249183783     0.8687266763472772
160.52008524596147     0.8650130809503166
164.43436636968022     0.8612964540469095
166.38423131606805     0.8557275767046918
170.3021502475226     0.8538662317465417
172.25201519391044     0.8482973544043242
174.20188014029827     0.8427284770621064
176.1553828944219     0.8390148816651458
178.10524784080962     0.8334460043229281
178.09797222533803     0.829735440432414
180.04783717172586     0.8241665630901964
183.95848048770893     0.8185946542415322
185.90834543409665     0.8130257768993145
187.8545725727488     0.8056016176118398
187.8472969572772     0.8018910537213257
191.75794027326015     0.7963191448726615
193.70780521964798     0.7907502675304439
195.6576701660358     0.7851813901882262
197.61117292015933     0.7814677947912656
197.60025949695205     0.7759019489554944
197.58934607374454     0.7703361031197232
199.53921102013237     0.7647672257775056
201.4963515819918     0.762908912325802
201.4890759665202     0.7591983484352879
203.43894091290804     0.7536294710930702
205.38880585929564     0.7480605937508527
207.3423086134194     0.744346998353892
207.3313951902121     0.7387811525181208
207.3168439592689     0.7313600247370926
209.26670890565674     0.7257911473948749
213.18099002937538     0.7220745204914678
213.1700766061681     0.7165086746556966
215.12357936029184     0.7127950792587361
215.11266593708433     0.7072292334229648
217.06253088347216     0.7016603560807473
217.05161746026465     0.696094510244976
219.0051202143884     0.6923809148480153
220.95498516077623     0.6868120375057978
220.94407173756895     0.6812461916700265
222.89757449169247     0.6775325962730661
222.88666106848495     0.6719667504372948
224.83652601487302     0.6663978730950771
224.82197478392982     0.6589767453140489
228.73261809991254     0.6534048364653848
228.72170467670526     0.6478389906296136
230.6715696230931     0.6422701132873959
232.617796761745     0.6348459539999212
234.56766170813307     0.6292770766577035
236.51752665452068     0.6237081993154858
236.5066132313134     0.6181423534797147
236.49569980810588     0.6125765076439436
236.4847863848986     0.6070106618081723
240.39542970088155     0.6014387529595082
238.42373790807892     0.5958759386301835
242.33801903179778     0.5921593117267764
242.33438122406187     0.5903040297815194
244.2878839781854     0.5865904343845587
244.2806083627138     0.5828798704940447
246.23774892457345     0.581021557042341
248.18397606322537     0.5735973977548663
246.21228427042274     0.5680345834255416
250.12292758640592     0.5624626745768775
250.1120141631984     0.5568968287411064
250.10110073999113     0.5513309829053352
252.05824130185033     0.5494726694536316
252.05096568637873     0.5457621055631174
254.00083063276657     0.5401932282208999
253.99719282503065     0.5383379462756428
255.9470577714187     0.5327690689334251
255.93614434821143     0.527203223097654
253.96081474767288     0.5197851268230722
259.83587424098664     0.5160654684132187
259.82132301004344     0.5086443406321903
261.7711879564313     0.5030754632899727
263.7246907105548     0.49936186789301196
263.7137772873475     0.4937960220572408
263.7065016718759     0.4900854581667268
265.66000442599966     0.4863718627697663
267.6135071801232     0.4826582673728056
269.5633721265108     0.4770893900305879
269.5560965110392     0.47337882614007376
269.5524587033035     0.4715235441948168
269.541545280096     0.46595769835904555
271.49868584195565     0.46409938490734215
271.49141022648405     0.460388821016828
273.44491298060757     0.4566752256198673
273.44127517287166     0.4548199436746103
273.43399955740006     0.45110937978409615
273.42672394192846     0.4473988158935821
275.380226696052     0.4436852204966215
277.3337294501757     0.4399716250996608
279.28723220429924     0.4362580297027002
279.27995658882764     0.43254746581218606
279.27631878109196     0.4306921838669291
279.26904316562036     0.42698161997641493
281.2261837274798     0.4251233065247114
281.2189081120082     0.42141274263419737
283.1760486738676     0.41955442918249375
283.168773058396     0.4158438652919796
283.1651352506601     0.4139885833467226
283.1578596351885     0.41027801945620845
283.15422182745283     0.4084227375109514
285.10772458157635     0.4047091421139908
285.09681115836884     0.39914329627821954
287.0503139124926     0.39542970088125906
287.0394004892853     0.3898638550454878
285.06770869648244     0.3843010407161631
288.9856276279372     0.38243969575801307
290.93185476658914     0.3750155364705383
290.9282169588532     0.37316025452528123
292.8744440975056     0.3657360952378066
292.867168482034     0.36202553134729254
294.8170334284216     0.35645665400507476
294.80975781295     0.3527460901145607
296.76326056707376     0.3490324947176
296.7523471438665     0.3434666488818289
300.6557148443776     0.3341841761426506
304.56999596809646     0.3304675492392436
306.5198609144843     0.3248986718970258
306.5125852990127     0.32118810800651176
308.46245024540053     0.3156192306642941
308.45517462992893     0.31190866677378004
310.40867738405245     0.30819507137681934
310.40140176858085     0.3044845074863053
310.39048834537357     0.29891866165053405
312.3439910994973     0.29520506625357346
316.25827222321595     0.29148843935016633
318.2081371696038     0.28591956200794866
318.1972237463965     0.2803537161721775
320.1470886927841     0.27478483882995985
320.1398130773125     0.2710742749394458
320.1288996541052     0.26550842910367456
324.0395429700882     0.25993652025501035
325.989407916476     0.2543676429127928
329.8964134247233     0.2469404521188716
331.8462783711109     0.24137157477665383
331.8353649479036     0.2358057289408827
333.78886770202735     0.232092133543922
335.73873264841495     0.22652325620170444
337.6922354025385     0.22280966080474385
339.64210034892653     0.21724078346252607
339.631186925719     0.21167493762675493
341.58832748757845     0.20981662417505142
341.58105187210685     0.20610606028453737
343.5309168184949     0.2005371829423196
345.47714395714684     0.19311302365484484
349.3914250808657     0.18939639675143782
349.3805116576582     0.18383055091566658
353.2947927813768     0.18011392401225956
353.29115497364114     0.17825864206700248
357.2017982896241     0.17268673321833838
361.1124416056073     0.16711482436967406
363.0586687442592     0.15969066508219942
365.01217149838294     0.15597706968523883
366.96567425250646     0.15226347428827813
366.95839863703486     0.14855291039776397
368.9119013911584     0.1448393150008035
370.8617663375462     0.13927043765858582
372.81163128393405     0.13370156031636804
374.76513403805757     0.12998796491940756
376.7186367921813     0.12627436952244686
380.6256423004286     0.11884717872852568
382.5827828622878     0.11698886527682206
384.5362856164113     0.11327526987986158
388.4469289323945     0.10770336103119726
390.400431686518     0.10398976563423679
392.35393444064175     0.10027617023727609
394.30743719476527     0.0965625748403155
396.2573021411531     0.09099369749809783
400.16794545713606     0.08542178864943362
406.04300495045004     0.08170213023957995
407.9965077045738     0.07798853484261947
411.90715102055674     0.07241662599395526
415.8214321442754     0.06869999909054814
423.6499943917131     0.06126674528373399
429.5214160772914     0.055691804928623356
431.4749188314149     0.051978209531662656
439.31439450206017     0.05011080156061953
443.22867562577903     0.04639417465721252
451.0608756809522     0.04081620279565534
454.9751568046711     0.037099575892248216
458.89307573612587     0.03523823093409817
460.85021629798507     0.03337991748239455
470.6468325304895     0.02965419605964803
476.5218920238035     0.025934537649794365
480.4398109552583     0.02407319269164432
486.31487044857226     0.020353534281790653
490.2327893800268     0.018492189323640607
500.03304342026695     0.016621749846151057
503.9546001594574     0.01661568683325798
511.79043802236674     0.012892996916958
517.6727731311523     0.012883902397618496
521.5906920626069     0.01102255743946845
525.5122488017971     0.011016494426575374
533.355362280178     0.011004368400789444
535.3125028420375     0.009146054949085825
543.1519785126825     0.007278646978042813
547.0735352518727     0.007272583965149737
554.9166487302537     0.007260457939363807
562.7597622086344     0.007248331913577655
566.6776811400891     0.0053869869554277194
572.5636540566104     0.0072331743813451865
580.4031297272556     0.005365766410302175
588.2462432056363     0.005353640384516245
596.0893566840173     0.005341514358730315
601.968053985067     0.0034771378941336195
605.8896107242574     0.0034710748812405434
613.7327242026381     0.0034589488554546133
619.6150593114237     0.003449854336115221
623.5366160506142     0.003443791323222145
627.4581727898046     0.003437728310329069
629.4189511593997     0.003434696803882753
639.2192051996401     0.0015642573263932036
645.1015403084257     0.0015551628070538115
650.9838754172113     0.0015460682877141974
656.8662105259968     0.0015369737683748053
660.7877672651873     0.0015309107554817292
666.6701023739729     0.001521816236142337
674.5132158523538     0.001509690210356407
680.3955509611394     0.0015005956910167928
686.277886069925     0.0014915011716774007
690.1994428091155     0.0014854381587843246
694.1209995483057     0.0014793751458912485
707.8391725200006     -0.002252409289748236
713.7251454365219     -0.0004062218638307691
721.5682589149028     -0.0004183478896166992