501.6305747060674     0.000008267299825499667
506.81194038390015     0.000008245844895156916
515.443974025231     0.000012350888234116415
522.3560374173985     0.000008181480104127795
529.2645249878422     0.000008152873530337026
534.4458906656749     0.000008131418599994274
541.3543782361187     0.000008102812026203506
548.2592899848385     0.000012215007008610588
555.1677775552822     0.000012186400434820253
560.349143233115     0.000012164945504477068
568.9847526961696     0.000012129187287238715
577.6167863375003     0.00001623423062619778
586.2488199788311     0.00002033927396515728
593.1537317275511     0.00002445146894756436
601.7857653688818     0.00002855651228652386
608.6906771176016     0.00003266870726893051
615.5920130445977     0.00004092170380753501
622.4933489715936     0.00004917470034613951
631.1218067912007     0.00005742054524129686
636.2960208255859     0.00006568069342334894
643.1973567525818     0.00007393368996195301
650.0986926795779     0.00008218668650055751
655.2657550705153     0.00009872843779500529
660.4399691049005     0.00010698858597705738
667.3377292101725     0.00011938238407186016
670.7812455302228     0.00013179048545355725
675.9518837428841     0.00014419143519180761
682.8460680264327     0.00016072603484280738
686.2860085247589     0.00017727493778070232
691.4530709156966     0.00019381668907514967
696.6237091283579     0.00020621763881339917
701.7907715192953     0.00022275939010784696
703.5000143032871     0.00024345624624538776
708.6706525159482     0.00025585719598363726
712.1105930142746     0.00027240609892153263
713.8234116199903     0.0002889621535028756
717.2597762965929     0.0003096518579969675
720.6997167949196     0.0003262007609348629
724.139657293246     0.00034274966387275825
727.5795977915725     0.0003592985668106532
729.292416397288     0.00037585462139199614
732.7323568956147     0.0003924035243298913
734.4451755013301     0.000408959578911234
736.1579941070459     0.00042551563349257676
739.5979346053723     0.00044206453643047213
743.0342992819751     0.0004627542409245645
746.4706639585777     0.0004834439454186573
746.4563606716824     0.0005000071516434478
749.8963011700089     0.0005165560545813427
751.6055439540007     0.0005372529107188833
755.0419086306033     0.0005579426152129761
756.754727236319     0.0005744986697943189
760.1946677346455     0.000591047572732214
761.9003346969134     0.000615885230425952
763.6131533026291     0.0006324412850072948
765.3259719083446     0.0006489973395886377
768.7623365849474     0.0006696870440827303
770.4751551906629     0.0006862430986640732
772.1915496181023     0.0006986583516892186
773.9043682238178     0.0007152144062705611
775.6136110078096     0.0007359112624081017
779.0463998626885     0.0007607417684583921
780.7556426466804     0.0007814386245959322
782.4648854306722     0.0008021354807334726
784.1741282146638     0.000822832336871013
787.6140687129905     0.0008393812398089081
787.5926137826475     0.0008642260491460939
787.5818863174759     0.0008766484538146866
792.7489487084133     0.0008931902051091342
794.4617673141288     0.0009097462596904771
794.4474640272335     0.0009263094659152675
796.1567068112251     0.0009470063220528078
796.1495551677776     0.0009552879251652031
797.8623737734931     0.0009718439797465461
799.5751923792088     0.0009884000343278888
803.00082959064     0.0010215121434905745
802.979374660297     0.00104635695282776
804.6921932660127     0.001062913007409103
809.862831478674     0.0010753139571473527
809.8378007266072     0.001104299568040736
811.5506193323226     0.001120855622622079
813.2527104728667     0.0011498340818720143
814.9691049003061     0.0011622493348971594
816.6819235060218     0.0011788053894785024
820.1147123609007     0.0012036358955287926
820.1004090740053     0.0012201991017535831
821.8096518579971     0.0012408959578911235
823.5153188202651     0.0012657336155848615
825.2245616042567     0.001286430471722402
825.2031066739137     0.0013112752810595877
828.646622993964     0.0013236833824412852
828.6323197070687     0.0013402465886660758
832.0722602053954     0.0013567954916039707
832.0615327402238     0.0013692178962725638
833.7779271676632     0.0013816331492977087
835.487169951655     0.0014023300054352493
835.4728666647595     0.0014188932116600398
837.1856852704752     0.0014354492662413823
840.6220499470778     0.0014561389707354751
842.3277169093458     0.0014809766284292133
844.0369596933376     0.0015016734845667537
845.7462024773295     0.001522370340704294
847.459021083045     0.0015389263952856368
847.4411419744258     0.001559630403066625
849.1539605801415     0.0015761864576479677
850.866779185857     0.0015927425122293105
852.5795977915727     0.0016092985668106532
854.2924163972882     0.0016258546213919962
857.7216294304433     0.001654825928998484
855.976628429213     0.00167553708842292
859.4201447492635     0.0016879451898046173
861.1293875332551     0.0017086420459421579
864.5729038533057     0.0017210501473238552
866.2785708155736     0.0017458878050175932
867.9878135995652     0.0017665846611551335
869.6934805618332     0.0017914223188488718
871.4062991675489     0.0018079783734302145
873.1191177732644     0.0018245344280115572
876.5590582715911     0.0018410833309494524
878.2683010555827     0.0018617801870869928
879.984695483022     0.001874195440112138
883.4246359813485     0.001890744343050033
885.1338787653403     0.0019114411991875734
888.5702434419429     0.0019321309036816662
892.0137597619935     0.0019445390050633637
893.7230025459853     0.001965235861200904
898.8900649369225     0.001981777612495352
902.3228537918014     0.002006608118545642
910.9441599679608     0.0020231355665531942
914.3841004662872     0.002039684469491089
919.5583145006724     0.0020479446176731417
926.4632262493922     0.0020520568126555483
931.6445919272251     0.0020520353577252056
936.8331092485055     0.002043732299682467
942.0216265697859     0.002035429241639729
947.2137197127902     0.0020229853820407932
952.4022370340706     0.002014682323998055
954.140086391853     0.0020022527676860145
957.6050576422463     0.0019898160597305262
961.0736047143635     0.0019732385502188405
964.5385759647568     0.0019608018422633522
968.0035472151501     0.0019483651343078642
971.4720942872673     0.0019317876247961783
973.2135194667735     0.0019152172669279401
978.4127642532255     0.0018944918042166092
980.1577652544556     0.0018737806447921735
985.346282575736     0.0018654775867494352
988.8184054695771     0.0018447592756815519
990.5634064708072     0.0018240481162571161
994.0319535429244     0.0018074706067454302
995.7733787224306     0.0017909002488771923
999.2383499728239     0.001778463540921704
1002.710472866665     0.0017577452298538207
1004.4447464027235     0.0017494564750979778
1009.6404153674516     0.0017328718139428443
1013.1161140830166     0.0017080127013187633
1016.5918127985813     0.0016831535886946824
1020.0603598706984     0.0016665760791829964
1025.2524530137027     0.0016541322195840606
1025.2596046571502     0.0016458506164716653
1028.7245759075438     0.0016334139085161772
1032.193122979661     0.0016168363990044913
1039.1194896587238     0.0015961037846497126
1044.3187344451758     0.0015753783219383817
1052.9650713734018     0.0015629201590525504
1058.1500128729585     0.0015587579025660098
1063.3349543725149     0.0015545956460794692
1068.5163200503475     0.001554574191149126
1077.1483536916785     0.0015586792344880855
1084.0496896186746     0.00156693223102669
1089.220327831336     0.00157933318076494
1092.66741997311     0.0015876004805904398
1096.1073604714366     0.001604149383528335
1101.2851503275456     0.0016082687301541897
1106.4450610750353     0.0016330920845610323
1109.8921532168094     0.0016413593843865324
1115.0592156077469     0.0016579011356809797
1120.2298538204082     0.0016703020854192297
1125.3969162113456     0.001686843836713677
1128.840432531396     0.0016992519380953745
1134.0039191006097     0.0017199344909460195
1135.720313528049     0.0017323497439711648
1142.6144978115974     0.0017488843436221646
1146.0580141316477     0.0017612924450038621
1151.2250765225851     0.0017778341962983095
1152.9450467717481     0.0017861086477672572
1161.5735045913555     0.001794354492662414
1165.0241725548535     0.0017984809909317163
1173.6562061961843     0.0018025860342706756
1185.7460594444608     0.0018025359727665419
1194.3923963726866     0.0017900778098807108
1201.3116114083018     0.0017776267986383274
1204.780158480419     0.0017610492891266415
1208.255857195984     0.0017361901765025603
1216.9164974111054     0.0017071688073919391
1220.381468661499     0.0016947320994364508
1223.8535915553398     0.0016740137883685673
1227.3257144491809     0.001653295477300684
1234.2592327716911     0.00162428125983351
1236.0006579511974     0.0016077109019652716
1236.0113854163687     0.001595288497296679
1241.2034785593733     0.001582844637697743
1242.937752095432     0.0015745558829419002
1242.959207025775     0.0015497110736047144
1246.4349057413397     0.0015248519609806336
1253.3648482421265     0.0014999785450696573
1256.8441227794149     0.0014709786308893787
1258.589123780645     0.001450267471464943
1263.7955202105447     0.0014212604056412165
1267.2747947478333     0.001392260491460938
1269.0269473925111     0.0013632677289241069
1274.2369196441348     0.001330119861544183
1275.9854964670888     0.0013052679005635497
1277.7448007552139     0.0012679935349143236
1281.2240752925024     0.0012389936207340448
1284.7033498297913     0.0012099937065537662
1288.1754727236323     0.0011892753954858828
1291.6547472609209     0.0011602754813056042
1295.1304459764858     0.001135416368681523
1298.6097205137744     0.0011064164545012446
1303.816116943674     0.0010774093886775182
1307.2953914809627     0.0010484094744972396
1307.3275738764771     0.0010111422604914611
1310.7996967703182     0.0009904239494235778
1314.275395485883     0.0009655648367994968
1316.0168206653893     0.0009489944789312587
1319.4925193809543     0.0009241353663071775
1322.9717939182426     0.0008951354521268989
1326.454644277255     0.0008619947363904226
1331.6646165288787     0.0008288468690104986
1333.4096175301088     0.0008081357095860631
1336.8853162456735     0.0007832765969619819
1340.3610149612384     0.0007584174843379011
1340.3860457133053     0.0007294318734445177
1343.8581686071464     0.0007087135623766345
1349.060989215322     0.0006838472981091058
1354.2673856452218     0.0006548402322853794
1356.023114111623     0.0006217066681923507
1366.4180278628032     0.0005843965443258863
1368.1809079726522     0.0005429813771204626
1375.114426295163     0.0005139671596532884
1380.32797436851     0.0004766784907171669
1383.8108247275227     0.0004435377749806909
1389.0136453356986     0.0004186715107131621
1394.2128901221504     0.0003979460480018312
1397.6885888377153     0.00037308693537775
1401.1571359098325     0.00035650942586606406
1408.0799267671714     0.000339917613067483
1411.5592013044602     0.0003109176988872046
1418.4891438052468     0.00028604428297622844
1421.9684183425354     0.0002570443687959492
1425.4369654146526     0.0002404668592842639
1437.5446977715483     0.000219712789999142
1444.478216094059     0.000190698572531968
1451.4045827731215     0.00016996595817718885
1460.0580713447953     0.00014922619217896298
1468.711559916469     0.00012848642618073624
1473.9072288811974     0.00011190176502560295
1482.5535658094234     0.00009944360213977191
1491.2034785593733     0.00008284463769774302
1503.3004834510973     0.00007451297308121423
1508.489000772378     0.00006620991503847578
1515.408215807993     0.000053758903796092324
1524.0474010927715     0.00004958234402265699
1536.1479818062194     0.000037109877849929914
1553.4299281975002     0.000024615956746860523
1565.5269330892245     0.000016284292130331734
1577.616786337501     0.000016234230626198214
1591.4409131218356     0.000007895414366221407
1598.3494006922795     0.000007866807792431072
1606.985010155334     0.00000783104957519272
1619.0784392253345     0.0000036401865148609144
1629.4447464027237     -5.435249020224395e-7
1639.8110535801131     -0.000004727236318906227
1650.1737849357787     -0.0000047701461795921635
1658.8093943988333     -0.000004805904396830516
1674.3534914323316     -0.0000048702691878596376
1686.443344680608     -0.000004920330691993158
1703.7145636067173     -0.000004991847126469863
1708.8959292845502     -0.000005013302056812614
1719.2586606402156     -0.000005056211917498551
1724.4400263180485     -0.000005077666847841736
1738.2641531023833     -0.000013416483107818108