1.480275943022479586e-09
4.398136096690421698e-09
7.315996250358364844e-09
1.023385640402630799e-08
1.169278648086027874e-08
1.461064663452822188e-08
1.752850678819616172e-08
2.044636694186410652e-08
2.336422709553204801e-08
2.628208724919998950e-08
2.919994740286793430e-08
3.211780755653587579e-08
3.503566771020382060e-08
3.795352786387176540e-08
4.087138801753971020e-08
4.378924817120764838e-08
4.670710832487559318e-08
4.962496847854353798e-08
5.254282863221147616e-08
5.546068878587942096e-08
5.837854893954736576e-08
6.129640909321531056e-08
6.421426924688325536e-08
6.713212940055118693e-08
7.150891963105311737e-08
7.442677978472106217e-08
7.734463993838899373e-08
8.026250009205693853e-08
8.463929032255884250e-08
8.755715047622678730e-08
9.047501062989473210e-08
9.485180086039663606e-08
9.776966101406458086e-08
1.021464512445665113e-07
1.050643113982344429e-07
1.094411016287363733e-07
1.123589617824042916e-07
1.167357520129062221e-07
1.211125422434081393e-07
1.254893324739100432e-07
1.284071926275779880e-07
1.327839828580798920e-07
1.371607730885817960e-07
1.415375633190837264e-07
1.473732836264196160e-07
1.517500738569215200e-07
1.561268640874234239e-07
1.619625843947593135e-07
1.663393746252612175e-07
1.721750949325971071e-07
1.765518851630990375e-07
1.823876054704349271e-07
1.882233257777708167e-07
1.940590460851067063e-07
2.013536964692765286e-07
2.071894167766124182e-07
2.144840671607822935e-07
2.203197874681181566e-07
2.276144378522880318e-07
2.363680183132918398e-07
2.436626686974617415e-07
2.524162491584655494e-07
2.611698296194693573e-07
2.699234100804731653e-07
2.786769905414770261e-07
2.888895010793148197e-07
2.991020116171526133e-07
3.107734522318243925e-07
3.224448928464961717e-07
3.341163334611679509e-07
3.472467041526737157e-07
3.618360049210133603e-07
3.764253056893531108e-07
3.924735365345267939e-07
4.099806974565344098e-07
4.274878583785421315e-07
4.479128794542177187e-07
4.697968306067272385e-07
4.931397118360707969e-07
5.179415231422482880e-07
5.471201246789277890e-07
5.777576562924411167e-07
6.127719781364564543e-07
6.507041601341397632e-07
6.930131323623248702e-07
7.426167549746798524e-07
7.980560978943707771e-07
8.622490212750655098e-07
9.381133852704321275e-07
1.027108119957304351e-06
1.133610015566184191e-06
1.266372652558075878e-06
1.431231751240314508e-06
1.644235542458074399e-06
1.931644767594366551e-06
2.340145189107878294e-06
2.966026192069652149e-06
4.044175518849956575e-06
6.350743970324466212e-06
1.476877051365647936e-05
