6.934719490649687020e-07
2.060415847194905874e-06
3.427359745324843469e-06
4.794303643454781065e-06
5.477775592519749439e-06
6.844719490649687035e-06
8.211663388779623783e-06
9.578607286909562226e-06
1.094555118503949897e-05
1.231249508316943572e-05
1.367943898129937416e-05
1.504638287942931091e-05
1.641332677755924936e-05
1.778027067568918780e-05
1.914721457381912624e-05
2.051415847194906130e-05
2.188110237007899974e-05
2.324804626820893818e-05
2.461499016633887323e-05
2.598193406446881168e-05
2.734887796259875012e-05
2.871582186072868517e-05
3.008276575885862362e-05
3.144970965698855867e-05
3.350012550418346972e-05
3.486706940231340817e-05
3.623401330044333983e-05
3.760095719857327827e-05
3.965137304576818255e-05
4.101831694389812099e-05
4.238526084202805943e-05
4.443567668922296371e-05
4.580262058735290215e-05
4.785303643454781320e-05
4.921998033267774487e-05
5.127039617987265592e-05
5.263734007800258759e-05
5.468775592519749864e-05
5.673817177239240292e-05
5.878858761958730719e-05
6.015553151771724563e-05
6.220594736491214991e-05
6.425636321210705419e-05
6.630677905930195846e-05
6.904066685556183535e-05
7.109108270275673962e-05
7.314149854995164390e-05
7.587538634621152078e-05
7.792580219340642506e-05
8.065968998966630194e-05
8.271010583686120622e-05
8.544399363312108310e-05
8.817788142938095999e-05
9.091176922564083687e-05
9.432912897096567282e-05
9.706301676722554970e-05
1.004803765125503992e-04
1.032142643088102625e-04
1.066316240541351120e-04
1.107324557485249206e-04
1.141498154938497701e-04
1.182506471882395786e-04
1.223514788826293872e-04
1.264523105770191957e-04
1.305531422714090043e-04
1.353374459148637854e-04
1.401217495583185666e-04
1.455895251508383204e-04
1.510573007433580741e-04
1.565250763358778279e-04
1.626763238774625543e-04
1.695110433681122262e-04
1.763457628587619252e-04
1.838639542984765696e-04
1.920656176872561868e-04
2.002672810760358310e-04
2.098358883629453933e-04
2.200879675989199011e-04
2.310235187839594086e-04
2.426425419180638888e-04
2.563119808993632597e-04
2.706648918297275760e-04
2.870682186072868645e-04
3.048384892829760439e-04
3.246591758058601411e-04
3.478972220740690472e-04
3.738691561385378438e-04
4.039419218973964759e-04
4.394824632487748890e-04
4.811742521417379471e-04
5.310677044234806765e-04
5.932636517883929130e-04
6.704959820327343299e-04
7.702828865962197888e-04
9.049268605620185797e-04
1.096299006300209718e-03
1.389508472449081395e-03
1.894594242808093172e-03
2.975163394279808741e-03
6.918796540384677604e-03
